0 88.3803 91.1561 
0.002 88.3804 91.156 
0.004 88.3806 91.1558 
0.006 88.3806 91.1556 
0.008 88.3806 91.1554 
0.01 88.3806 91.1552 
0.012 88.3804 91.155 
0.014 88.3801 91.1548 
0.016 88.3796 91.1548 
0.018 88.3785 91.1548 
0.02 88.3767 91.1548 
0.022 88.3735 91.1545 
0.024 88.3681 91.1532 
0.026 88.3595 91.1503 
0.028 88.3475 91.1454 
0.03 88.3318 91.1384 
0.032 88.3124 91.1294 
0.034 88.2881 91.118 
0.036 88.2554 91.1018 
0.038 88.2085 91.076 
0.04 88.1418 91.0363 
0.042 88.0515 90.9789 
0.044 87.9447 90.9111 
0.046 87.8267 90.8377 
0.048 87.6904 90.7489 
0.05 87.5491 90.6541 
0.052 87.4165 90.5651 
0.054 87.2951 90.4835 
0.056 87.1806 90.4051 
0.058 87.07 90.327 
0.06 86.9626 90.2492 
0.062 86.8588 90.1725 
0.064 86.7597 90.0977 
0.066 86.6697 90.0294 
0.068 86.5867 89.9661 
0.07 86.502 89.8995 
0.072 86.4179 89.8319 
0.074 86.3339 89.7635 
0.076 86.2483 89.6927 
0.078 86.1637 89.6221 
0.08 86.0805 89.5519 
0.082 86.0009 89.4842 
0.084 85.9281 89.4217 
0.086 85.8607 89.3635 
0.088 85.7964 89.3075 
0.09 85.7325 89.2516 
0.092 85.6615 89.189 
0.094 85.5874 89.1236 
0.096 85.5146 89.0597 
0.098 85.4399 88.9931 
0.1 85.3807 88.9408 
0.102 85.3245 88.8904 
0.104 85.2795 88.8508 
0.106 85.2352 88.8115 
0.108 85.1999 88.7808 
0.11 85.1665 88.7516 
0.112 85.1296 88.7189 
0.114 85.088 88.6812 
0.116 85.0274 88.624 
0.118 84.9534 88.5527 
0.12 84.8805 88.4813 
0.122 84.8044 88.4058 
0.124 84.7461 88.3472 
0.126 84.693 88.2935 
0.128 84.6475 88.2471 
0.13 84.6068 88.2053 
0.132 84.5699 88.167 
0.134 84.5382 88.1334 
0.136 84.5082 88.1011 
0.138 84.4799 88.07 
0.14 84.4536 88.0407 
0.142 84.429 88.0128 
0.144 84.4054 87.986 
0.146 84.3765 87.954 
0.148 84.3505 87.9246 
0.15 84.3248 87.8952 
0.152 84.2988 87.8654 
0.154 84.2712 87.8339 
0.156 84.2413 87.8001 
0.158 84.2109 87.7655 
0.16 84.1792 87.7297 
0.162 84.1457 87.6918 
0.164 84.1132 87.6549 
0.166 84.0843 87.6214 
0.168 84.056 87.5884 
0.17 84.0276 87.5553 
0.172 83.9986 87.5215 
0.174 83.9698 87.4877 
0.176 83.9399 87.4529 
0.178 83.9088 87.4167 
0.18 83.8773 87.3802 
0.182 83.846 87.3439 
0.184 83.8137 87.3065 
0.186 83.7818 87.2696 
0.188 83.7479 87.2307 
0.19 83.7129 87.1906 
0.192 83.6777 87.1505 
0.194 83.6409 87.1093 
0.196 83.6043 87.0689 
0.198 83.571 87.0318 
0.2 83.5394 86.9964 
0.202 83.5069 86.96 
0.204 83.4731 86.9221 
0.206 83.4359 86.8809 
0.208 83.3976 86.8387 
0.21 83.3579 86.7954 
0.212 83.3181 86.752 
0.214 83.2785 86.7086 
0.216 83.2392 86.6652 
0.218 83.2001 86.6217 
0.22 83.16 86.5772 
0.222 83.1202 86.5329 
0.224 83.079 86.4874 
0.226 83.0394 86.4433 
0.228 83.001 86.4 
0.23 82.9634 86.3572 
0.232 82.9247 86.313 
0.234 82.8846 86.2674 
0.236 82.8429 86.2201 
0.238 82.8028 86.1743 
0.24 82.7634 86.1292 
0.242 82.7253 86.0853 
0.244 82.69 86.0442 
0.246 82.6529 86.0013 
0.248 82.6156 85.9581 
0.25 82.5782 85.9148 
0.252 82.5408 85.8713 
0.254 82.5039 85.8285 
0.256 82.4707 85.7895 
0.258 82.4396 85.753 
0.26 82.4101 85.7185 
0.262 82.3821 85.6862 
0.264 82.3578 85.6583 
0.266 82.333 85.6308 
0.268 82.3042 85.5996 
0.27 82.2647 85.5578 
0.272 82.2309 85.5215 
0.274 82.2007 85.4888 
0.276 82.1703 85.4559 
0.278 82.1382 85.4212 
0.28 82.1081 85.3884 
0.282 82.0791 85.3567 
0.284 82.0492 85.324 
0.286 82.0177 85.2897 
0.288 81.9869 85.256 
0.29 81.955 85.2211 
0.292 81.9211 85.1841 
0.294 81.8854 85.1452 
0.296 81.8503 85.1067 
0.298 81.8162 85.0691 
0.3 81.7833 85.0325 
0.302 81.7519 84.9974 
0.304 81.7222 84.9636 
0.306 81.6942 84.9314 
0.308 81.6687 84.9014 
0.31 81.644 84.8721 
0.312 81.6209 84.8445 
0.314 81.5982 84.8174 
0.316 81.5704 84.7853 
0.318 81.53 84.7408 
0.32 81.4846 84.6916 
0.322 81.4417 84.6451 
0.324 81.4057 84.6054 
0.326 81.3771 84.5727 
0.328 81.3526 84.5439 
0.33 81.331 84.5183 
0.332 81.3069 84.4903 
0.334 81.285 84.4644 
0.336 81.2658 84.4411 
0.338 81.2493 84.4202 
0.34 81.2351 84.4016 
0.342 81.2215 84.3835 
0.344 81.2068 84.3648 
0.346 81.1896 84.3436 
0.348 81.1714 84.3216 
0.35 81.1539 84.3003 
0.352 81.137 84.2797 
0.354 81.1207 84.2596 
0.356 81.1047 84.2397 
0.358 81.0889 84.2201 
0.36 81.0742 84.2016 
0.362 81.0592 84.1828 
0.364 81.0438 84.1637 
0.366 81.0289 84.1451 
0.368 81.0133 84.1257 
0.37 80.997 84.1055 
0.372 80.9812 84.0859 
0.374 80.9655 84.0664 
0.376 80.9503 84.0474 
0.378 80.9346 84.0285 
0.38 80.9152 84.0063 
0.382 80.8948 83.9835 
0.384 80.8755 83.962 
0.386 80.8574 83.9415 
0.388 80.841 83.9228 
0.39 80.8244 83.9037 
0.392 80.8065 83.8835 
0.394 80.7867 83.8613 
0.396 80.7651 83.8373 
0.398 80.7438 83.8134 
0.4 80.7234 83.7905 
0.402 80.7027 83.7672 
0.404 80.6818 83.7437 
0.406 80.6591 83.7184 
0.408 80.6363 83.6931 
0.41 80.613 83.6671 
0.412 80.5901 83.6415 
0.414 80.5681 83.6168 
0.416 80.5457 83.5916 
0.418 80.5227 83.5661 
0.42 80.4986 83.5397 
0.422 80.4737 83.5126 
0.424 80.4489 83.4857 
0.426 80.4247 83.4594 
0.428 80.4024 83.4351 
0.43 80.3812 83.412 
0.432 80.3601 83.3891 
0.434 80.3367 83.3637 
0.436 80.315 83.3399 
0.438 80.2941 83.3168 
0.44 80.2747 83.2953 
0.442 80.253 83.2715 
0.444 80.2315 83.2478 
0.446 80.2101 83.2241 
0.448 80.1889 83.2003 
0.45 80.1686 83.1773 
0.452 80.1505 83.1562 
0.454 80.1317 83.1345 
0.456 80.1133 83.1131 
0.458 80.0946 83.0914 
0.46 80.0771 83.0708 
0.462 80.0609 83.0514 
0.464 80.0446 83.0317 
0.466 80.0297 83.0133 
0.468 80.0151 82.9952 
0.47 80.0012 82.9778 
0.472 79.9887 82.9617 
0.474 79.974 82.9434 
0.476 79.9587 82.9245 
0.478 79.9418 82.904 
0.48 79.9232 82.8816 
0.482 79.9051 82.8596 
0.484 79.8905 82.8413 
0.486 79.8765 82.8238 
0.488 79.8582 82.8022 
0.49 79.8398 82.7807 
0.492 79.8201 82.7581 
0.494 79.7986 82.7337 
0.496 79.7766 82.7089 
0.498 79.7549 82.6844 
0.5 79.7344 82.6613 
0.502 79.7144 82.6392 
0.504 79.6919 82.6153 
0.506 79.6712 82.5934 
0.508 79.6628 82.5839 
0.51 79.649 82.5692 
0.512 79.6255 82.5451 
0.514 79.5908 82.51 
0.516 79.5493 82.4683 
0.518 79.5095 82.4281 
0.52 79.4748 82.3923 
0.522 79.4433 82.3591 
0.524 79.413 82.3269 
0.526 79.3845 82.2967 
0.528 79.3561 82.2669 
0.53 79.329 82.2386 
0.532 79.3074 82.2157 
0.534 79.2776 82.1844 
0.536 79.2412 82.1466 
0.538 79.2035 82.1071 
0.54 79.1696 82.0713 
0.542 79.1394 82.0388 
0.544 79.1117 82.0084 
0.546 79.0875 81.9812 
0.548 79.064 81.9545 
0.55 79.0411 81.9282 
0.552 79.0196 81.9033 
0.554 79.0009 81.8812 
0.556 78.9786 81.8556 
0.558 78.953 81.8266 
0.56 78.9303 81.8004 
0.562 78.9067 81.7733 
0.564 78.8841 81.7472 
0.566 78.8627 81.7223 
0.568 78.8393 81.6953 
0.57 78.8143 81.6668 
0.572 78.7877 81.6367 
0.574 78.7599 81.6054 
0.576 78.7328 81.5749 
0.578 78.7089 81.5476 
0.58 78.6766 81.512 
0.582 78.6468 81.479 
0.584 78.6157 81.4447 
0.586 78.5831 81.4087 
0.588 78.5519 81.374 
0.59 78.5237 81.342 
0.592 78.4971 81.3115 
0.594 78.4701 81.2806 
0.596 78.4427 81.2494 
0.598 78.4139 81.2168 
0.6 78.3838 81.183 
0.602 78.3544 81.15 
0.604 78.3244 81.1168 
0.606 78.2949 81.084 
0.608 78.2651 81.051 
0.61 78.2374 81.0199 
0.612 78.2129 80.9921 
0.614 78.1916 80.9676 
0.616 78.1723 80.9454 
0.618 78.1515 80.922 
0.62 78.1315 80.8998 
0.622 78.1114 80.8784 
0.624 78.0792 80.8453 
0.626 78.047 80.8119 
0.628 78.0191 80.7825 
0.63 77.9931 80.7545 
0.632 77.9665 80.7257 
0.634 77.9408 80.6975 
0.636 77.9165 80.6705 
0.638 77.8925 80.6439 
0.64 77.8679 80.6164 
0.642 77.8437 80.5892 
0.644 77.8205 80.5629 
0.646 77.7967 80.5361 
0.648 77.7729 80.5093 
0.65 77.7508 80.4842 
0.652 77.7307 80.461 
0.654 77.711 80.4381 
0.656 77.692 80.4158 
0.658 77.6739 80.3945 
0.66 77.6557 80.3731 
0.662 77.6378 80.352 
0.664 77.6197 80.3308 
0.666 77.5998 80.3078 
0.668 77.5797 80.2845 
0.67 77.5611 80.2628 
0.672 77.5434 80.2419 
0.674 77.5251 80.2204 
0.676 77.5065 80.1988 
0.678 77.4885 80.1779 
0.68 77.4697 80.1564 
0.682 77.4502 80.1344 
0.684 77.4303 80.1119 
0.686 77.4101 80.0892 
0.688 77.3896 80.0664 
0.69 77.3693 80.0438 
0.692 77.3496 80.0219 
0.694 77.3303 80.0004 
0.696 77.3099 79.9781 
0.698 77.2879 79.9544 
0.7 77.2632 79.9279 
0.702 77.2422 79.905 
0.704 77.2241 79.8847 
0.706 77.206 79.8645 
0.708 77.1874 79.8437 
0.71 77.1706 79.8247 
0.712 77.1553 79.8071 
0.714 77.1397 79.7891 
0.716 77.1215 79.7682 
0.718 77.1023 79.7463 
0.72 77.084 79.725 
0.722 77.0656 79.7037 
0.724 77.0478 79.683 
0.726 77.0308 79.663 
0.728 77.0166 79.6456 
0.73 76.9985 79.6242 
0.732 76.9786 79.6007 
0.734 76.9621 79.5807 
0.736 76.9478 79.5629 
0.738 76.9332 79.5446 
0.74 76.9193 79.5271 
0.742 76.9044 79.5085 
0.744 76.8911 79.4916 
0.746 76.8796 79.4765 
0.748 76.8687 79.4625 
0.75 76.8575 79.4485 
0.752 76.845 79.4339 
0.754 76.8317 79.4187 
0.756 76.8188 79.4039 
0.758 76.807 79.3902 
0.76 76.7969 79.3782 
0.762 76.7866 79.3661 
0.764 76.775 79.3527 
0.766 76.7613 79.3371 
0.768 76.7474 79.3212 
0.77 76.7342 79.3059 
0.772 76.7213 79.291 
0.774 76.709 79.2768 
0.776 76.6966 79.2626 
0.778 76.6843 79.2484 
0.78 76.6727 79.2352 
0.782 76.6613 79.2225 
0.784 76.6487 79.2087 
0.786 76.6347 79.1935 
0.788 76.6199 79.1773 
0.79 76.6054 79.1609 
0.792 76.5918 79.1451 
0.794 76.5789 79.1297 
0.796 76.5666 79.1146 
0.798 76.5547 79.0998 
0.8 76.543 79.0852 
