0 90.0812 101.806 
0.002 90.0812 101.806 
0.004 90.0812 101.806 
0.006 90.0812 101.806 
0.008 90.0812 101.806 
0.01 90.0812 101.806 
0.012 90.0812 101.806 
0.014 90.0812 101.806 
0.016 90.0811 101.806 
0.018 90.0811 101.806 
0.02 90.081 101.806 
0.022 90.0809 101.806 
0.024 90.0807 101.806 
0.026 90.0805 101.806 
0.028 90.0803 101.805 
0.03 90.08 101.805 
0.032 90.0798 101.805 
0.034 90.0795 101.804 
0.036 90.0793 101.804 
0.038 90.0791 101.804 
0.04 90.0789 101.804 
0.042 90.0788 101.804 
0.044 90.0786 101.804 
0.046 90.0785 101.804 
0.048 90.0785 101.803 
0.05 90.0789 101.804 
0.052 90.0571 101.782 
0.054 89.9897 101.715 
0.056 89.9231 101.648 
0.058 89.8579 101.583 
0.06 89.7969 101.522 
0.062 89.7407 101.466 
0.064 89.6885 101.414 
0.066 89.6383 101.363 
0.068 89.5909 101.316 
0.07 89.5468 101.272 
0.072 89.5057 101.231 
0.074 89.4595 101.184 
0.076 89.3854 101.11 
0.078 89.2854 101.01 
0.08 89.171 100.896 
0.082 89.0398 100.765 
0.084 88.8779 100.603 
0.086 88.684 100.409 
0.088 88.4549 100.18 
0.09 88.1926 99.9176 
0.092 87.9048 99.6298 
0.094 87.6231 99.3481 
0.096 87.368 99.093 
0.098 87.1393 98.8643 
0.1 86.9234 98.6484 
0.102 86.7279 98.4529 
0.104 86.5581 98.2831 
0.106 86.4122 98.1372 
0.108 86.285 98.01 
0.11 86.173 97.898 
0.112 86.0765 97.8015 
0.114 85.9933 97.7183 
0.116 85.9268 97.6518 
0.118 85.8821 97.6071 
0.12 85.854 97.579 
0.122 85.84 97.565 
0.124 85.8397 97.5647 
0.126 85.8451 97.5701 
0.128 85.8493 97.5743 
0.13 85.8505 97.5755 
0.132 85.8498 97.5748 
0.134 85.8487 97.5737 
0.136 85.8427 97.5677 
0.138 85.8284 97.5534 
0.14 85.8077 97.5327 
0.142 85.7871 97.5121 
0.144 85.7631 97.4881 
0.146 85.7361 97.4611 
0.148 85.7077 97.4327 
0.15 85.6779 97.4029 
0.152 85.6465 97.3715 
0.154 85.6129 97.3379 
0.156 85.5717 97.2967 
0.158 85.5459 97.2708 
0.16 85.5031 97.2281 
0.162 85.4679 97.1929 
0.164 85.425 97.15 
0.166 85.3751 97.1001 
0.168 85.3272 97.0522 
0.17 85.28 97.005 
0.172 85.2333 96.9583 
0.174 85.1856 96.9106 
0.176 85.1382 96.8632 
0.178 85.093 96.818 
0.18 85.0461 96.7711 
0.182 84.9992 96.7242 
0.184 84.9553 96.6803 
0.186 84.9174 96.6424 
0.188 84.8805 96.6055 
0.19 84.8447 96.5697 
0.192 84.8083 96.5333 
0.194 84.7713 96.4963 
0.196 84.733 96.458 
0.198 84.6962 96.4212 
0.2 84.6594 96.3844 
0.202 84.6231 96.3481 
0.204 84.589 96.314 
0.206 84.5525 96.2775 
0.208 84.5191 96.2441 
0.21 84.4862 96.2112 
0.212 84.4507 96.1757 
0.214 84.4158 96.1408 
0.216 84.3837 96.1087 
0.218 84.3538 96.0788 
0.22 84.3169 96.0419 
0.222 84.2857 96.0107 
0.224 84.2525 95.9775 
0.226 84.2221 95.9471 
0.228 84.1927 95.9177 
0.23 84.1638 95.8888 
0.232 84.1363 95.8613 
0.234 84.1116 95.8366 
0.236 84.0883 95.8133 
0.238 84.0666 95.7916 
0.24 84.0439 95.7689 
0.242 84.0228 95.7478 
0.244 84.0003 95.7253 
0.246 83.9768 95.7018 
0.248 83.9523 95.6773 
0.25 83.928 95.653 
0.252 83.9047 95.6297 
0.254 83.8819 95.6069 
0.256 83.8603 95.5853 
0.258 83.8393 95.5643 
0.26 83.8168 95.5418 
0.262 83.7938 95.5188 
0.264 83.7664 95.4914 
0.266 83.7377 95.4627 
0.268 83.7057 95.4307 
0.27 83.6807 95.4057 
0.272 83.6603 95.3853 
0.274 83.6407 95.3657 
0.276 83.6186 95.3436 
0.278 83.5901 95.3151 
0.28 83.5628 95.2878 
0.282 83.5397 95.2647 
0.284 83.5144 95.2394 
0.286 83.488 95.213 
0.288 83.4645 95.1895 
0.29 83.4409 95.1659 
0.292 83.4191 95.1441 
0.294 83.3981 95.1231 
0.296 83.3788 95.1038 
0.298 83.3601 95.0851 
0.3 83.3408 95.0658 
0.302 83.3228 95.0478 
0.304 83.301 95.026 
0.306 83.2751 95.0001 
0.308 83.2443 94.9693 
0.31 83.2142 94.9392 
0.312 83.1899 94.9149 
0.314 83.1704 94.8954 
0.316 83.1508 94.8758 
0.318 83.1293 94.8543 
0.32 83.1069 94.8319 
0.322 83.0847 94.8097 
0.324 83.0638 94.7888 
0.326 83.044 94.769 
0.328 83.0247 94.7497 
0.33 83.0056 94.7306 
0.332 82.9869 94.7119 
0.334 82.9678 94.6928 
0.336 82.9494 94.6744 
0.338 82.9322 94.6572 
0.34 82.9149 94.6399 
0.342 82.8985 94.6235 
0.344 82.8845 94.6095 
0.346 82.8703 94.5953 
0.348 82.8549 94.5799 
0.35 82.839 94.564 
0.352 82.8243 94.5493 
0.354 82.8099 94.5349 
0.356 82.7956 94.5206 
0.358 82.7811 94.5061 
0.36 82.7667 94.4917 
0.362 82.7515 94.4765 
0.364 82.7357 94.4607 
0.366 82.7189 94.4439 
0.368 82.701 94.426 
0.37 82.6834 94.4084 
0.372 82.6668 94.3918 
0.374 82.6508 94.3758 
0.376 82.6345 94.3595 
0.378 82.617 94.342 
0.38 82.5982 94.3232 
0.382 82.5793 94.3043 
0.384 82.5607 94.2857 
0.386 82.5427 94.2677 
0.388 82.5248 94.2498 
0.39 82.5078 94.2328 
0.392 82.4924 94.2174 
0.394 82.4781 94.2031 
0.396 82.4637 94.1887 
0.398 82.446 94.171 
0.4 82.4247 94.1497 
0.402 82.4023 94.1273 
0.404 82.3793 94.1043 
0.406 82.353 94.078 
0.408 82.3191 94.0441 
0.41 82.2776 94.0026 
0.412 82.2337 93.9587 
0.414 82.193 93.918 
0.416 82.1568 93.8818 
0.418 82.1219 93.8469 
0.42 82.087 93.812 
0.422 82.0546 93.7795 
0.424 82.0268 93.7518 
0.426 82.0026 93.7276 
0.428 81.9795 93.7045 
0.43 81.9578 93.6828 
0.432 81.9376 93.6626 
0.434 81.9186 93.6436 
0.436 81.9029 93.6279 
0.438 81.8902 93.6152 
0.44 81.8786 93.6036 
0.442 81.8684 93.5934 
0.444 81.8574 93.5824 
0.446 81.8461 93.5711 
0.448 81.8358 93.5608 
0.45 81.8266 93.5516 
0.452 81.8169 93.5419 
0.454 81.8058 93.5308 
0.456 81.7951 93.5201 
0.458 81.7845 93.5095 
0.46 81.7727 93.4977 
0.462 81.7599 93.4849 
0.464 81.7461 93.4711 
0.466 81.7323 93.4573 
0.468 81.7197 93.4447 
0.47 81.7078 93.4328 
0.472 81.696 93.421 
0.474 81.6831 93.4081 
0.476 81.6697 93.3947 
0.478 81.6561 93.3811 
0.48 81.6428 93.3678 
0.482 81.6299 93.3549 
0.484 81.616 93.341 
0.486 81.6009 93.3259 
0.488 81.5844 93.3094 
0.49 81.567 93.292 
0.492 81.5493 93.2743 
0.494 81.5312 93.2562 
0.496 81.5132 93.2382 
0.498 81.4954 93.2204 
0.5 81.478 93.203 
0.502 81.4611 93.1861 
0.504 81.4442 93.1692 
0.506 81.4277 93.1527 
0.508 81.4117 93.1367 
0.51 81.3955 93.1205 
0.512 81.3778 93.1028 
0.514 81.358 93.083 
0.516 81.336 93.061 
0.518 81.3113 93.0363 
0.52 81.2845 93.0095 
0.522 81.2557 92.9807 
0.524 81.2242 92.9492 
0.526 81.1899 92.9149 
0.528 81.1528 92.8778 
0.53 81.1142 92.8392 
0.532 81.0755 92.8005 
0.534 81.0376 92.7626 
0.536 80.9994 92.7244 
0.538 80.9624 92.6874 
0.54 80.9271 92.6521 
0.542 80.8942 92.6192 
0.544 80.8615 92.5865 
0.546 80.8261 92.5511 
0.548 80.7921 92.5171 
0.55 80.759 92.484 
0.552 80.7245 92.4495 
0.554 80.6905 92.4155 
0.556 80.6574 92.3824 
0.558 80.6241 92.3491 
0.56 80.5921 92.3171 
0.562 80.5614 92.2864 
0.564 80.5326 92.2576 
0.566 80.5046 92.2296 
0.568 80.4774 92.2024 
0.57 80.4505 92.1755 
0.572 80.4238 92.1488 
0.574 80.3974 92.1224 
0.576 80.3721 92.0971 
0.578 80.3487 92.0737 
0.58 80.3266 92.0516 
0.582 80.3035 92.0285 
0.584 80.2788 92.0038 
0.586 80.2529 91.9779 
0.588 80.2275 91.9525 
0.59 80.2038 91.9288 
0.592 80.1775 91.9025 
0.594 80.1458 91.8708 
0.596 80.1127 91.8377 
0.598 80.0829 91.8079 
0.6 80.0553 91.7803 
0.602 80.028 91.753 
0.604 79.9999 91.7249 
0.606 79.9705 91.6955 
0.608 79.9415 91.6665 
0.61 79.9153 91.6403 
0.612 79.8909 91.6159 
0.614 79.8655 91.5905 
0.616 79.8392 91.5642 
0.618 79.8142 91.5392 
0.62 79.7903 91.5153 
0.622 79.7671 91.4921 
0.624 79.7438 91.4688 
0.626 79.7216 91.4466 
0.628 79.7007 91.4257 
0.63 79.6757 91.4007 
0.632 79.6459 91.3709 
0.634 79.6165 91.3415 
0.636 79.5915 91.3165 
0.638 79.5696 91.2946 
0.64 79.549 91.274 
0.642 79.5301 91.2551 
0.644 79.5114 91.2364 
0.646 79.4923 91.2173 
0.648 79.4743 91.1993 
0.65 79.4587 91.1837 
0.652 79.4446 91.1696 
0.654 79.43 91.155 
0.656 79.4108 91.1358 
0.658 79.3886 91.1136 
0.66 79.3673 91.0923 
0.662 79.3471 91.0721 
0.664 79.3268 91.0518 
0.666 79.3066 91.0316 
0.668 79.2871 91.0121 
0.67 79.2686 90.9936 
0.672 79.2506 90.9756 
0.674 79.2328 90.9578 
0.676 79.2153 90.9403 
0.678 79.1982 90.9232 
0.68 79.1819 90.9069 
0.682 79.1659 90.8909 
0.684 79.1499 90.8749 
0.686 79.1344 90.8594 
0.688 79.1175 90.8425 
0.69 79.0967 90.8217 
0.692 79.0714 90.7964 
0.694 79.0441 90.7691 
0.696 79.0162 90.7412 
0.698 78.9885 90.7135 
0.7 78.9624 90.6874 
0.702 78.9373 90.6623 
0.704 78.9127 90.6377 
0.706 78.8886 90.6136 
0.708 78.8655 90.5905 
0.71 78.8424 90.5674 
0.712 78.8197 90.5447 
0.714 78.798 90.523 
0.716 78.7767 90.5017 
0.718 78.7555 90.4805 
0.72 78.7339 90.4589 
0.722 78.7126 90.4376 
0.724 78.692 90.417 
0.726 78.6719 90.3969 
0.728 78.6536 90.3786 
0.73 78.6362 90.3612 
0.732 78.619 90.344 
0.734 78.6016 90.3266 
0.736 78.5839 90.3089 
0.738 78.5666 90.2916 
0.74 78.5505 90.2755 
0.742 78.5342 90.2592 
0.744 78.5165 90.2415 
0.746 78.4984 90.2234 
0.748 78.4803 90.2053 
0.75 78.4623 90.1873 
0.752 78.4448 90.1698 
0.754 78.4273 90.1523 
0.756 78.4103 90.1353 
0.758 78.3929 90.1179 
0.76 78.3746 90.0996 
0.762 78.3554 90.0804 
0.764 78.3347 90.0597 
0.766 78.3136 90.0386 
0.768 78.2925 90.0175 
0.77 78.2716 89.9966 
0.772 78.2506 89.9756 
0.774 78.2297 89.9547 
0.776 78.2091 89.9341 
0.778 78.1881 89.9131 
0.78 78.1666 89.8916 
0.782 78.1447 89.8697 
0.784 78.124 89.849 
0.786 78.1051 89.8301 
0.788 78.0882 89.8132 
0.79 78.0728 89.7978 
0.792 78.0584 89.7834 
0.794 78.0445 89.7695 
0.796 78.0306 89.7556 
0.798 78.0168 89.7418 
0.8 78.0033 89.7283 
0.802 77.9892 89.7142 
0.804 77.9743 89.6993 
0.806 77.9579 89.6829 
0.808 77.9393 89.6643 
0.81 77.9198 89.6448 
0.812 77.9011 89.6261 
0.814 77.8831 89.6081 
0.816 77.8653 89.5903 
0.818 77.8474 89.5724 
0.82 77.8303 89.5553 
0.822 77.8136 89.5386 
0.824 77.7973 89.5223 
0.826 77.7817 89.5067 
0.828 77.7682 89.4932 
0.83 77.7566 89.4816 
0.832 77.7473 89.4723 
0.834 77.74 89.465 
0.836 77.7319 89.4569 
0.838 77.7211 89.4461 
0.84 77.7084 89.4334 
0.842 77.6956 89.4206 
0.844 77.6836 89.4086 
0.846 77.6723 89.3973 
0.848 77.6608 89.3858 
0.85 77.6485 89.3735 
0.852 77.6362 89.3612 
0.854 77.6247 89.3497 
0.856 77.6139 89.3389 
0.858 77.6039 89.3289 
0.86 77.5948 89.3198 
0.862 77.5864 89.3114 
0.864 77.5784 89.3034 
0.866 77.5705 89.2955 
0.868 77.5629 89.2879 
0.87 77.5555 89.2805 
0.872 77.5486 89.2736 
0.874 77.5421 89.2671 
0.876 77.5359 89.2609 
0.878 77.5297 89.2547 
0.88 77.524 89.249 
0.882 77.5188 89.2438 
0.884 77.5141 89.2391 
0.886 77.5088 89.2338 
0.888 77.5024 89.2274 
0.89 77.4949 89.2199 
0.892 77.4869 89.2119 
0.894 77.4794 89.2044 
0.896 77.4728 89.1978 
0.898 77.4672 89.1922 
0.9 77.4624 89.1874 
0.902 77.4575 89.1825 
0.904 77.4521 89.1771 
0.906 77.4459 89.1709 
0.908 77.4396 89.1646 
0.91 77.4336 89.1586 
0.912 77.4277 89.1527 
0.914 77.4218 89.1468 
0.916 77.4159 89.1409 
0.918 77.41 89.135 
0.92 77.4041 89.1291 
0.922 77.398 89.123 
0.924 77.3915 89.1165 
0.926 77.385 89.11 
0.928 77.3786 89.1036 
0.93 77.3726 89.0976 
0.932 77.3669 89.0919 
0.934 77.3613 89.0863 
0.936 77.3561 89.0811 
0.938 77.3514 89.0764 
0.94 77.3471 89.0721 
0.942 77.3433 89.0683 
0.944 77.3401 89.0651 
0.946 77.3374 89.0624 
0.948 77.3351 89.0601 
0.95 77.333 89.058 
0.952 77.3309 89.0559 
0.954 77.3285 89.0535 
0.956 77.326 89.051 
0.958 77.3233 89.0483 
0.96 77.3206 89.0456 
0.962 77.3178 89.0428 
0.964 77.3151 89.0401 
0.966 77.3125 89.0375 
0.968 77.3101 89.0351 
0.97 77.3081 89.0331 
0.972 77.3065 89.0315 
0.974 77.3053 89.0303 
0.976 77.3045 89.0295 
0.978 77.3039 89.0289 
0.98 77.3038 89.0288 
0.982 77.3039 89.0289 
0.984 77.3044 89.0294 
0.986 77.3048 89.0298 
0.988 77.305 89.03 
0.99 77.3049 89.0299 
0.992 77.3046 89.0296 
0.994 77.3042 89.0292 
0.996 77.3037 89.0287 
0.998 77.3033 89.0283 
1 77.303 89.028 
