0 88.3803 91.1561 
0.002 88.3804 91.1562 
0.004 88.3806 91.1564 
0.006 88.3807 91.1565 
0.008 88.3807 91.1565 
0.01 88.3807 91.1565 
0.012 88.3806 91.1564 
0.014 88.3802 91.156 
0.016 88.3796 91.1554 
0.018 88.3784 91.1541 
0.02 88.3762 91.152 
0.022 88.3726 91.1484 
0.024 88.3665 91.1423 
0.026 88.357 91.1328 
0.028 88.3437 91.1195 
0.03 88.3265 91.1023 
0.032 88.3059 91.0817 
0.034 88.281 91.0568 
0.036 88.2493 91.0251 
0.038 88.2065 90.9823 
0.04 88.1482 90.924 
0.042 88.0736 90.8494 
0.044 87.9901 90.7659 
0.046 87.9023 90.6781 
0.048 87.7998 90.5756 
0.05 87.6914 90.4671 
0.052 87.5917 90.3674 
0.054 87.4981 90.2739 
0.056 87.4077 90.1835 
0.058 87.3172 90.093 
0.06 87.2275 90.0033 
0.062 87.14 89.9157 
0.064 87.0546 89.8303 
0.066 86.9757 89.7515 
0.068 86.9014 89.6772 
0.07 86.8247 89.6005 
0.072 86.7447 89.5205 
0.074 86.665 89.4408 
0.076 86.5819 89.3577 
0.078 86.4974 89.2732 
0.08 86.4134 89.1891 
0.082 86.3328 89.1086 
0.084 86.2573 89.0331 
0.086 86.1886 88.9643 
0.088 86.123 88.8988 
0.09 86.0577 88.8335 
0.092 85.9845 88.7603 
0.094 85.9068 88.6826 
0.096 85.8299 88.6057 
0.098 85.7513 88.5271 
0.1 85.6864 88.4622 
0.102 85.6262 88.402 
0.104 85.5762 88.3519 
0.106 85.5295 88.3053 
0.108 85.4917 88.2675 
0.11 85.4568 88.2326 
0.112 85.4218 88.1976 
0.114 85.3803 88.1561 
0.116 85.3191 88.0949 
0.118 85.2454 88.0212 
0.12 85.1707 87.9465 
0.122 85.0931 87.8689 
0.124 85.0328 87.8086 
0.126 84.9779 87.7537 
0.128 84.9331 87.7089 
0.13 84.8914 87.6672 
0.132 84.855 87.6308 
0.134 84.8234 87.5992 
0.136 84.7919 87.5677 
0.138 84.7632 87.539 
0.14 84.7369 87.5127 
0.142 84.7122 87.488 
0.144 84.6882 87.464 
0.146 84.6583 87.4341 
0.148 84.6325 87.4083 
0.15 84.6062 87.382 
0.152 84.5801 87.3559 
0.154 84.5535 87.3293 
0.156 84.5238 87.2996 
0.158 84.4923 87.2681 
0.16 84.4602 87.236 
0.162 84.4266 87.2024 
0.164 84.3944 87.1702 
0.166 84.365 87.1408 
0.168 84.3363 87.1121 
0.17 84.3079 87.0837 
0.172 84.2792 87.055 
0.174 84.2505 87.0263 
0.176 84.2209 86.9967 
0.178 84.1895 86.9653 
0.18 84.1575 86.9333 
0.182 84.1264 86.9022 
0.184 84.095 86.8708 
0.186 84.0645 86.8403 
0.188 84.0316 86.8074 
0.19 83.9982 86.774 
0.192 83.965 86.7408 
0.194 83.9306 86.7064 
0.196 83.8956 86.6714 
0.198 83.8637 86.6395 
0.2 83.8336 86.6094 
0.202 83.8023 86.5781 
0.204 83.7694 86.5451 
0.206 83.7329 86.5087 
0.208 83.6954 86.4712 
0.21 83.6567 86.4325 
0.212 83.6164 86.3922 
0.214 83.576 86.3518 
0.216 83.5363 86.3121 
0.218 83.4971 86.2729 
0.22 83.4558 86.2316 
0.222 83.4147 86.1905 
0.224 83.3727 86.1485 
0.226 83.3315 86.1073 
0.228 83.292 86.0678 
0.23 83.2523 86.0281 
0.232 83.2127 85.9885 
0.234 83.1731 85.9488 
0.236 83.1313 85.9071 
0.238 83.0902 85.8659 
0.24 83.0508 85.8266 
0.242 83.0127 85.7884 
0.244 82.9775 85.7533 
0.246 82.9422 85.718 
0.248 82.9062 85.6819 
0.25 82.8708 85.6466 
0.252 82.8361 85.6119 
0.254 82.8017 85.5775 
0.256 82.7696 85.5454 
0.258 82.7402 85.516 
0.26 82.7118 85.4876 
0.262 82.6844 85.4602 
0.264 82.6612 85.437 
0.266 82.6378 85.4136 
0.268 82.6117 85.3875 
0.27 82.5737 85.3495 
0.272 82.542 85.3178 
0.274 82.5142 85.29 
0.276 82.4859 85.2617 
0.278 82.4565 85.2323 
0.28 82.4282 85.204 
0.282 82.4008 85.1766 
0.284 82.3732 85.149 
0.286 82.3437 85.1195 
0.288 82.3148 85.0906 
0.29 82.2849 85.0607 
0.292 82.2523 85.0281 
0.294 82.2202 84.996 
0.296 82.1879 84.9637 
0.298 82.1566 84.9324 
0.3 82.1256 84.9014 
0.302 82.0956 84.8714 
0.304 82.0679 84.8437 
0.306 82.0416 84.8174 
0.308 82.019 84.7948 
0.31 81.9974 84.7732 
0.312 81.9761 84.7519 
0.314 81.9549 84.7307 
0.316 81.9309 84.7067 
0.318 81.8982 84.674 
0.32 81.8583 84.6341 
0.322 81.8178 84.5936 
0.324 81.7784 84.5542 
0.326 81.7461 84.5219 
0.328 81.721 84.4968 
0.33 81.6985 84.4742 
0.332 81.6769 84.4527 
0.334 81.6568 84.4326 
0.336 81.6391 84.4149 
0.338 81.6245 84.4002 
0.34 81.613 84.3888 
0.342 81.6024 84.3781 
0.344 81.5923 84.3681 
0.346 81.5802 84.356 
0.348 81.5657 84.3415 
0.35 81.5512 84.327 
0.352 81.5372 84.313 
0.354 81.5239 84.2997 
0.356 81.5113 84.2871 
0.358 81.4992 84.275 
0.36 81.4881 84.2639 
0.362 81.477 84.2528 
0.364 81.4655 84.2413 
0.366 81.4547 84.2305 
0.368 81.4431 84.2189 
0.37 81.4305 84.2063 
0.372 81.4183 84.1941 
0.374 81.4053 84.1811 
0.376 81.3908 84.1666 
0.378 81.3762 84.152 
0.38 81.3607 84.1365 
0.382 81.3448 84.1206 
0.384 81.3282 84.104 
0.386 81.3124 84.0882 
0.388 81.2964 84.0721 
0.39 81.28 84.0558 
0.392 81.2631 84.0389 
0.394 81.2456 84.0214 
0.396 81.2271 84.0029 
0.398 81.2088 83.9846 
0.4 81.1908 83.9666 
0.402 81.1724 83.9482 
0.404 81.154 83.9298 
0.406 81.1352 83.911 
0.408 81.1171 83.8929 
0.41 81.0995 83.8753 
0.412 81.0814 83.8572 
0.414 81.0638 83.8396 
0.416 81.045 83.8208 
0.418 81.0256 83.8014 
0.42 81.0047 83.7805 
0.422 80.9826 83.7584 
0.424 80.9591 83.7349 
0.426 80.9363 83.712 
0.428 80.9133 83.6891 
0.43 80.8905 83.6663 
0.432 80.8687 83.6445 
0.434 80.848 83.6238 
0.436 80.8287 83.6044 
0.438 80.8124 83.5882 
0.44 80.795 83.5708 
0.442 80.7769 83.5527 
0.444 80.7597 83.5355 
0.446 80.7409 83.5167 
0.448 80.7218 83.4975 
0.45 80.705 83.4808 
0.452 80.6892 83.465 
0.454 80.6733 83.449 
0.456 80.6585 83.4343 
0.458 80.6429 83.4187 
0.46 80.6266 83.4024 
0.462 80.6113 83.3871 
0.464 80.598 83.3738 
0.466 80.5857 83.3615 
0.468 80.5736 83.3494 
0.47 80.5625 83.3383 
0.472 80.5519 83.3277 
0.474 80.5396 83.3154 
0.476 80.5257 83.3015 
0.478 80.5095 83.2853 
0.48 80.4926 83.2684 
0.482 80.479 83.2548 
0.484 80.4657 83.2415 
0.486 80.4485 83.2243 
0.488 80.4325 83.2083 
0.49 80.416 83.1918 
0.492 80.4014 83.1771 
0.494 80.3838 83.1596 
0.496 80.3638 83.1396 
0.498 80.3458 83.1215 
0.5 80.3269 83.1027 
0.502 80.309 83.0848 
0.504 80.2898 83.0656 
0.506 80.2684 83.0441 
0.508 80.2469 83.0227 
0.51 80.2284 83.0042 
0.512 80.2216 82.9974 
0.514 80.2114 82.9872 
0.516 80.1786 82.9543 
0.518 80.1342 82.9099 
0.52 80.0932 82.869 
0.522 80.0581 82.8339 
0.524 80.0279 82.8037 
0.526 79.9996 82.7754 
0.528 79.973 82.7488 
0.53 79.9479 82.7237 
0.532 79.9244 82.7002 
0.534 79.9017 82.6775 
0.536 79.8744 82.6502 
0.538 79.8386 82.6144 
0.54 79.8008 82.5766 
0.542 79.7634 82.5392 
0.544 79.7318 82.5076 
0.546 79.7012 82.477 
0.548 79.6732 82.449 
0.55 79.649 82.4248 
0.552 79.6301 82.4059 
0.554 79.6107 82.3865 
0.556 79.5844 82.3602 
0.558 79.5564 82.3322 
0.56 79.531 82.3068 
0.562 79.5063 82.2821 
0.564 79.481 82.2568 
0.566 79.4573 82.2331 
0.568 79.4338 82.2096 
0.57 79.4108 82.1865 
0.572 79.3871 82.1629 
0.574 79.362 82.1378 
0.576 79.3377 82.1135 
0.578 79.3099 82.0857 
0.58 79.2786 82.0544 
0.582 79.2473 82.0231 
0.584 79.2134 81.9892 
0.586 79.1842 81.96 
0.588 79.154 81.9298 
0.59 79.1241 81.8999 
0.592 79.0959 81.8717 
0.594 79.0697 81.8455 
0.596 79.0417 81.8175 
0.598 79.0113 81.7871 
0.6 78.9802 81.756 
0.602 78.9524 81.7281 
0.604 78.9279 81.7037 
0.606 78.905 81.6807 
0.608 78.8812 81.657 
0.61 78.8571 81.6329 
0.612 78.8333 81.6091 
0.614 78.8089 81.5847 
0.616 78.7852 81.561 
0.618 78.7638 81.5396 
0.62 78.7411 81.5169 
0.622 78.7131 81.4889 
0.624 78.6823 81.4581 
0.626 78.6526 81.4283 
0.628 78.6242 81.4 
0.63 78.5966 81.3724 
0.632 78.5689 81.3447 
0.634 78.541 81.3168 
0.636 78.5141 81.2899 
0.638 78.4867 81.2625 
0.64 78.4598 81.2356 
0.642 78.4342 81.21 
0.644 78.4101 81.1859 
0.646 78.3869 81.1627 
0.648 78.3635 81.1393 
0.65 78.3399 81.1157 
0.652 78.3168 81.0926 
0.654 78.2945 81.0703 
0.656 78.273 81.0488 
0.658 78.2517 81.0275 
0.66 78.2305 81.0063 
0.662 78.2094 80.9852 
0.664 78.1888 80.9646 
0.666 78.169 80.9448 
0.668 78.1492 80.925 
0.67 78.1294 80.9052 
0.672 78.1099 80.8857 
0.674 78.0907 80.8665 
0.676 78.0715 80.8473 
0.678 78.0523 80.8281 
0.68 78.0326 80.8083 
0.682 78.0115 80.7873 
0.684 77.9907 80.7665 
0.686 77.9704 80.7461 
0.688 77.9493 80.7251 
0.69 77.9273 80.7031 
0.692 77.8992 80.675 
0.694 77.8704 80.6462 
0.696 77.846 80.6218 
0.698 77.8239 80.5997 
0.7 77.804 80.5798 
0.702 77.7839 80.5597 
0.704 77.7634 80.5392 
0.706 77.7423 80.518 
0.708 77.7225 80.4983 
0.71 77.7029 80.4787 
0.712 77.685 80.4608 
0.714 77.6668 80.4426 
0.716 77.6499 80.4257 
0.718 77.6341 80.4099 
0.72 77.6187 80.3945 
0.722 77.6044 80.3802 
0.724 77.59 80.3658 
0.726 77.5739 80.3497 
0.728 77.5597 80.3355 
0.73 77.5464 80.3222 
0.732 77.5329 80.3087 
0.734 77.52 80.2957 
0.736 77.5086 80.2843 
0.738 77.4968 80.2726 
0.74 77.4847 80.2605 
0.742 77.4742 80.25 
0.744 77.4629 80.2387 
0.746 77.4498 80.2256 
0.748 77.4363 80.2121 
0.75 77.4235 80.1993 
0.752 77.4127 80.1885 
0.754 77.4036 80.1794 
0.756 77.3958 80.1716 
0.758 77.3882 80.164 
0.76 77.3793 80.1551 
0.762 77.369 80.1448 
0.764 77.3589 80.1347 
0.766 77.3496 80.1254 
0.768 77.3405 80.1163 
0.77 77.3311 80.1069 
0.772 77.3219 80.0977 
0.774 77.313 80.0887 
0.776 77.3041 80.0799 
0.778 77.2952 80.0709 
0.78 77.2863 80.0621 
0.782 77.2781 80.0539 
0.784 77.2699 80.0457 
0.786 77.2611 80.0368 
0.788 77.2517 80.0275 
0.79 77.2425 80.0183 
0.792 77.2334 80.0092 
0.794 77.2244 80.0002 
0.796 77.2155 79.9913 
0.798 77.2069 79.9827 
0.8 77.1988 79.9746 
